lidar:
  x_y_z: [0.0, 0.0, 2.3]
  r_p_y: [0.000000, 0.000000, 0.0]
  hz: 1